39
49
88
97
66
1
53
26
43
91
89
39
27
16
93
9
89
51
44
4
71
9
93
74
45
91
81
68
91
68
21
1
23
26
53
8
93
21
4
27
19
63
94
2
42
36
91
57
92
79
31
69
42
98
28
88
42
61
4
77
93
63
49
65
56
39
8
48
96
92
32
76
73
14
80
87
76
91
70
53
5
19
47
81
42
96
75
38
22
49
8
42
39
42
65
28
100
38
84
51
36
74
78
100
24
18
94
15
3
6
33
94
53
77
99
72
75
99
28
20
43
16
20
77
19
46
47
75
49
47
7
34
86
82
94
46
93
69
82
67
92
77
6
16
52
61
80
82
72
33
80
88
88
16
34
28
63
85
76
94
77
49
36
54
93
50
16
71
36
24
13
5
45
58
70
3
72
7
88
45
37
63
1
16
43
1
27
67
34
27
83
19
10
18
45
2
30
72
85
21
30
68
38
63
45
37
11
99
76
33
49
82
24
44
39
57
31
99
11
9
45
25
51
83
23
28
39
27
73
6
93
90
66
5
88
94
73
26
71
18
34
95
37
27
75
32
13
43
1
84
84
73
27
95
13
15
27
42
54
60
51
90
70
84
71
62
96
88
90
67
86
23
49
44
60
71
23
48
62
69
77
44
75
81
99
44
53
66
34
60
34
10
84
22
97
56
43
36
83
4
83
45
53
41
9
56
71
77
33
59
35
85
36
2
51
52
59
66
14
45
25
13
77
42
93
70
31
10
79
75
5
95
49
65
8
99
76
6
68
81
15
92
54
93
44
71
83
87
41
10
8
80
83
88
93
56
10
33
52
67
30
24
6
22
71
68
82
3
86
11
76
42
86
95
13
11
49
35
19
5
72
73
11
35
43
81
61
73
6
15
89
16
43
87
22
30
4
24
84
73
50
64
44
87
79
95
65
85
51
48
43
48
14
51
61
57
19
78
12
61
47
98
20
48
86
95
67
84
96
1
94
92
87
9
76
50
40
42
52
19
85
38
15
26
46
80
9
19
1
97
87
46
52
22
97
85
17
27
24
39
13
51
95
33
95
70
48
100
48
5
6
48
68
77
2
69
28
19
57
56
49
35
47
19
67
43
64
89
80
75
50
35
37
6
35
98
12
72
29
5
87
41
42
39
76
88
13
98
14
74
37
83
90
79
67
49
19
91
36
19
38
40
84
53
51
20
13
33
50
17
79
33
18
25
63
52
39
91
33
22
94
99
30
30
42
65
97
20
48
54
100
4
44
25
7
80
98
83
44
84
16
64
30
17
15
16
17
62
82
75
53
38
71
69
81
7
53
15
67
30
100
87
27
5
96
42
73
89
82
25
33
76
88
66
13
2
95
88
60
50
61
59
61
3
3
5
58
59
9
71
66
4
85
1
56
55
1
97
41
74
72
80
35
25
79
39
67
28
67
91
23
65
65
92
84
35
86
40
48
1
49
74
100
47
93
88
13
33
66
98
91
87
82
52
54
1
44
57
89
5
29
26
18
87
86
16
33
86
5
1
42
50
44
85
44
36
44
49
85
18
90
33
24
29
62
66
11
18
85
34
47
28
28
45
17
82
34
55
74
92
74
93
7
62
1
97
92
27
75
56
88
45
36
22
5
82
89
44
86
87
62
66
66
95
96
52
67
79
94
33
53
47
23
76
72
31
20
57
24
17
66
98
69
61
87
92
73
68
30
25
20
93
17
100
4
88
56
80
94
73
36
43
9
93
71
88
45
66
61
62
5
85
94
61
47
77
6
61
49
53
38
24
30
78
42
51
83
18
45
11
83
16
3
3
47
87
69
54
27
81
64
29
81
88
93
8
56
14
1
74
59
78
38
54
59
5
35
43
12
42
73
49
95
78
44
6
73
44
95
50
74
59
69
77
45
24
3
95
58
4
4
72
85
88
46
96
86
91
76
54
49
91
65
80
27
49
14
30
25
32
84
63
47
72
33
6
45
68
31
61
82
67
91
46
29
20
23
15
18
42
14
90
19
12
85
29
29
25
70
41
73
43
1
35
78
100
19
41
6
50
72
52
38
89
50
16
80
80
46
68
38
90
9
5
42
82
15
72
85
14
58
66
95
72
42
59
98
91
46
79
21
12
67
57
56
97
5
35
24
62
92
73
83
86
76
48
70
7
9
77
10
91
63
56
28
25
82
82
68
53
77
5
23
1
25
37
4
81
65
11
21
27
28
47
14
40
82
81
23
41
62
6
12
13
40
2
53
3
49
5
97
29
29
12
92
67
95
74
88
73